0.10  0.1755020827
0.20  0.3164211473
0.30  0.4407397198
0.40  0.5430153465
0.50  0.6331300953
0.60  0.7226550042
0.70  0.7989692578
0.80  0.8690133437
0.90  0.9417707210
1.00  0.9999608386
1.10  1.0591874440
1.20  1.1154902677
1.30  1.1670501374
1.40  1.2197317821
1.50  1.2682754501
1.60  1.3198732861
1.70  1.3738544889
1.80  1.4101854076
1.90  1.4517400582
2.00  1.5069905664
2.10  1.5412674561
2.20  1.5839966868
2.30  1.6219190294
2.40  1.6679145871
2.50  1.6953331460
2.60  1.7359465395
2.70  1.7736676722
2.80  1.8082963079
2.90  1.8371053865
3.00  1.8731374578
3.10  1.9169970539
3.20  1.9424115464
3.30  1.9792841721
3.40  2.0003333518
3.50  2.0334589035
3.60  2.0684486868
3.70  2.1113009351
3.80  2.1304696649
3.90  2.1558706464
4.00  2.2080050760
4.10  2.2048971649
4.20  2.2465276490
4.30  2.2719949661
4.40  2.3096143187
4.50  2.3293905152
4.60  2.3536519036
4.70  2.3812378423
4.80  2.3923951582
4.90  2.4351555680
5.00  2.4533314502
